,wind,spl,wind_classes
0,10.08871111736305,36.90827734491647,5
1,10.08978190303328,36.985202085490776,5
2,10.090852688703512,36.77208233001143,5
3,10.091923474373743,37.496515145509335,5
4,10.092994260043975,38.76356288143032,5
5,10.094065045714206,26.17821179851313,5
6,10.095135831384434,34.26452327640152,5
7,10.096206617054666,35.42789899911814,5
8,10.097277402724897,37.10032522087954,5
9,10.098348188395128,35.46321478301061,5
10,10.099418974065358,37.905491869128525,5
11,10.10048975973559,35.12586704025725,5
12,10.101560545405821,38.36101129614202,5
13,10.10263133107605,37.07229330702884,5
14,10.103702116746282,38.42495599223059,5
15,10.104772902416512,37.80059092128907,5
16,10.105843688086743,37.50765266132822,5
17,10.106914473756973,37.34113497255933,5
18,10.107985259427204,37.14609546966125,5
19,10.109056045097436,38.13730234593067,5
20,10.110126830767665,28.87290230138619,5
21,10.111197616437897,33.77198441886838,5
22,10.112268402108128,36.67220007309058,5
23,10.113339187778358,37.58627560516004,5
24,10.114409973448588,36.94634863690372,5
25,10.115480759118821,36.442825609753264,5
26,10.11655154478905,35.944735584057824,5
27,10.11762233045928,36.92551796725638,5
28,10.118693116129512,35.10433079083887,5
29,10.119763901799743,35.910503866622115,5
30,10.120834687469973,37.27118442413027,5
31,10.121905473140204,36.42706225185856,5
32,10.122976258810436,35.5429685845367,5
33,10.124047044480665,27.337282334515123,5
34,10.125117830150897,37.653316626954805,5
35,10.126188615821127,37.82259060588285,5
36,10.127259401491358,36.43088485417095,5
37,10.128330187161588,36.89458715116785,5
38,10.129400972831819,36.55489139760161,5
39,10.13047175850205,37.1115409336056,5
40,10.13154254417228,36.94509617992787,5
41,10.132613329842512,35.841741360095824,5
42,10.133684115512743,38.39362137287269,5
43,10.134754901182973,37.9159464092653,5
44,10.135825686853204,36.93875397247751,5
45,10.136896472523436,38.53385190089259,5
46,10.137967258193665,38.10009991848865,5
47,10.139038043863895,37.2983603609379,5
48,10.140108829534126,38.053554658107885,5
49,10.141179615204356,37.21956653602059,5
50,10.142250400874588,38.48537081513901,5
51,10.143321186544819,30.14597225183197,5
52,10.144391972215049,36.79281630428799,5
53,10.14546275788528,37.22431680708483,5
54,10.14653354355551,38.07394984570393,5
55,10.147604329225741,36.337754473813085,5
56,10.148675114895973,37.25114059373134,5
57,10.15076739184903,36.755287924164165,5
58,10.153540662990636,36.84351609493913,5
59,10.156313934132244,36.37641376544825,5
60,10.15908720527385,36.30579239243305,5
61,10.161860476415459,36.960237288024686,5
62,10.164633747557067,37.21269159565328,5
63,10.167407018698675,36.60712380208633,5
64,10.170180289840284,37.36388411069196,5
65,10.172953560981892,37.843479843522246,5
66,10.175726832123498,31.082726822701304,5
67,10.178500103265106,37.29358529081202,5
68,10.181273374406715,37.0014055442008,5
69,10.184046645548321,36.48928436390664,5
70,10.18681991668993,36.93023070608078,5
71,10.189593187831537,35.96861296391516,5
72,10.192366458973144,36.2129634394899,5
73,10.195139730114752,35.484508669709214,5
74,10.19791300125636,35.32918041046779,5
75,10.200686272397968,35.933679938516875,5
76,10.203459543539577,35.88091062655313,5
77,10.206232814681183,36.67338499989339,5
78,10.209006085822791,35.15597405464316,5
79,10.211779356964398,36.85424282816692,5
80,10.214552628106006,37.35636461638048,5
81,10.217325899247614,37.40596232001226,5
82,10.22009917038922,36.862703032684905,5
83,10.222872441530829,26.888611194519893,5
84,10.225645712672438,24.042871078984668,5
85,10.228418983814045,37.25514088059093,5
86,10.231192254955651,36.19808778697853,5
87,10.23396552609726,36.58920269749229,5
88,10.236738797238868,36.81424543662742,5
89,10.239512068380476,37.28917348693028,5
90,10.242285339522084,37.70108052582172,5
91,10.24505861066369,37.982741844096736,5
92,10.247831881805299,36.79556249050341,5
93,10.250605152946907,38.20579972510227,5
94,10.253378424088513,36.835573026461375,5
95,10.256151695230121,36.552421309968935,5
96,10.25892496637173,37.08278769818463,5
97,10.261698237513336,38.20334146298134,5
98,10.264471508654944,37.92808222246633,5
99,10.267244779796552,35.14507611714027,5
100,10.27001805093816,28.988590093005595,5
101,10.272791322079769,35.18753198312704,5
102,10.275564593221375,38.120614530245575,5
103,10.278337864362983,38.22276460936935,5
104,10.281111135504592,38.34191393897916,5
105,10.283884406646198,37.28060598978185,5
106,10.286657677787806,37.094139833835285,5
108,10.29220422007102,37.9613793970482,5
109,10.294977491212629,38.078815410586095,5
110,10.297750762354237,38.780913024194746,5
111,10.300524033495844,37.76671049296225,5
112,10.303297304637452,38.58069779286761,5
113,10.30607057577906,33.74176637191873,5
114,10.308843846920666,31.299627528502896,5
115,10.311617118062275,37.84931808747079,5
116,10.314390389203883,36.25948196466676,5
117,10.317163660345491,38.45518238757895,5
118,10.319936931487097,36.76222654067836,5
119,10.322710202628706,37.4114663441321,5
120,10.325483473770314,37.44946668698556,5
121,10.328256744911922,37.185616351490495,5
122,10.33103001605353,37.19332194528785,5
123,10.333803287195137,38.079534403104034,5
124,10.336576558336745,37.95416118712755,5
125,10.339349829478353,38.08188533009738,5
126,10.342123100619961,37.06249740344214,5
127,10.344896371761568,37.557062092717786,5
128,10.347669642903176,38.39254729873295,5
129,10.354169574002068,37.63894939665212,5
130,10.363153945072483,37.24335216446108,5
131,10.372138316142896,39.28076976409821,5
132,10.381122687213312,39.24875087368285,5
133,10.390107058283727,27.078717607341595,5
134,10.399091429354142,33.38827956147976,5
135,10.408075800424555,37.742007194492444,5
136,10.41706017149497,37.6887121769129,5
137,10.426044542565384,37.12419981729929,5
138,10.435028913635799,37.93535694246944,5
139,10.444013284706214,36.83765106609087,5
140,10.45299765577663,36.72773758260638,5
141,10.461982026847043,37.15416044483085,5
142,10.470966397917458,37.64377196829202,5
143,10.479950768987873,36.48498165100458,5
144,10.488935140058286,37.0764675586972,5
145,10.497919511128702,38.54208970441334,5
146,10.506903882199115,38.042462357504434,5
147,10.515888253269532,37.68094343165774,5
149,10.53385699541036,26.789095498162965,5
150,10.542841366480774,27.245756326660725,5
151,10.551825737551189,36.341106882301226,5
152,10.560810108621604,38.46438721246908,5
153,10.569794479692018,37.444859904913145,5
154,10.578778850762433,36.75958294899711,5
155,10.587763221832848,38.66366791034638,5
156,10.596747592903263,38.92141203436928,5
157,10.605731963973678,38.4832556698996,5
158,10.614716335044092,38.9503841164666,5
159,10.623700706114505,37.74879795370245,5
160,10.63268507718492,38.176216385394966,5
161,10.641669448255335,37.72615750312377,5
162,10.65065381932575,38.66798933047721,5
163,10.659638190396164,38.3998099466361,5
164,10.668622561466579,39.184532827917735,5
165,10.677606932536994,39.11516441252495,5
168,10.704560045748238,27.90383235795175,5
169,10.713544416818653,37.73797480096397,5
170,10.722528787889068,37.2226804324238,5
171,10.731513158959482,36.82256819774548,5
172,10.740497530029895,38.80656372175521,5
173,10.74948190110031,37.32781278214473,5
174,10.758466272170725,37.29433871152529,5
175,10.76745064324114,37.35913600090826,5
176,10.776435014311556,38.38439980995102,5
177,10.785419385381969,39.25354206024668,5
178,10.794403756452384,38.1795260692475,5
179,10.803388127522798,37.50736402280172,6
180,10.812372498593213,38.627887532211325,6
181,10.821356869663628,34.948473555132544,6
182,10.830341240734041,29.16120663553105,6
183,10.839325611804457,35.7419434685561,6
184,10.848309982874872,36.59085421668276,6
185,10.857294353945287,36.7685325056102,6
186,10.8662787250157,37.47252699144398,6
187,10.875263096086115,36.91098919473122,6
188,10.88424746715653,38.15156975401069,6
189,10.893231838226944,39.2204730256189,6
190,10.902216209297361,38.11569180218742,6
191,10.911200580367774,38.15264518674951,6
192,10.920184951438188,37.37404993147505,6
193,10.929169322508603,38.46075566732653,6
194,10.938153693579018,37.77207509031314,6
195,10.947138064649433,37.50959793435266,6
196,10.956122435719848,38.1039676930353,6
197,10.965106806790262,38.477366135626895,6
198,10.974091177860675,38.170425472822416,6
199,10.983075548931092,38.81015502708412,6
200,10.992059920001505,30.64098465133325,6
201,11.001852373136964,37.961984744983305,6
202,11.01218354764912,37.00292657867468,6
203,11.022514722161276,38.491899411654416,6
204,11.03284589667343,37.55700729581311,6
205,11.043177071185585,36.78788710970682,6
206,11.053508245697742,36.08120821951714,6
207,11.063839420209895,37.99527958621752,6
208,11.074170594722053,36.3167078758805,6
209,11.084501769234208,37.56820615943914,6
210,11.094832943746363,37.36749967989533,6
211,11.105164118258518,37.11813780443696,6
212,11.115495292770674,36.038138696698425,6
213,11.125826467282828,36.94406909591908,6
214,11.136157641794984,37.05297255786164,6
215,11.14648881630714,36.91409169784297,6
216,11.156819990819294,37.29683531279237,6
217,11.16715116533145,38.16897277837571,6
218,11.177482339843607,37.09220091399614,6
219,11.187813514355762,37.770699651429375,6
220,11.198144688867917,38.2337271153706,6
221,11.208475863380073,36.15023996770368,6
222,11.218807037892226,27.112976668479163,6
223,11.229138212404383,39.10878292720049,6
224,11.23946938691654,35.142552923588724,6
225,11.249800561428692,36.87080344212868,6
226,11.260131735940849,35.722598312794105,6
227,11.270462910453006,35.211995030128264,6
228,11.280794084965159,36.60307434185988,6
229,11.291125259477315,36.77178804748242,6
230,11.30145643398947,35.84801336196941,6
231,11.311787608501625,37.66541907822638,6
232,11.322118783013781,37.35448379008375,6
233,11.332449957525938,37.08220200454609,6
234,11.342781132038091,37.23383441119565,6
235,11.353112306550246,37.59809932899229,6
236,11.363443481062403,36.63017233662443,6
237,11.373774655574557,37.14327841842127,6
238,11.384105830086714,37.0162927065566,6
239,11.394437004598869,38.26979721059608,6
240,11.404768179111024,35.90325163906762,6
241,11.41509935362318,29.141453142738776,6
242,11.425430528135333,24.11394821724206,6
243,11.43576170264749,36.68113172775789,6
244,11.446092877159646,37.23290256136954,6
245,11.456424051671801,35.3711236961946,6
246,11.466755226183956,36.47715416642278,6
247,11.47708640069611,36.09266015501069,6
248,11.487417575208266,37.637821339246,6
249,11.497748749720422,37.28404450386645,6
250,11.508079924232577,37.41179395612233,6
251,11.518411098744732,37.89683563592931,6
252,11.528742273256888,36.65014753135874,6
253,11.539073447769043,37.64185981194989,6
254,11.549404622281198,37.78985858919184,6
255,11.559735796793355,37.54460862745604,6
256,11.57006697130551,37.31394032592212,6
257,11.580398145817664,37.097292223588965,6
258,11.59072932032982,36.64746350424468,6
259,11.601060494841974,37.26193801147777,6
261,11.621722843866287,31.849882563317664,6
262,11.63205401837844,38.771918615868586,6
263,11.642385192890597,36.14305776739106,6
264,11.652716367402753,37.97951434341741,6
265,11.663047541914908,37.84928475057162,6
266,11.673378716427063,37.26416022295296,6
267,11.683709890939218,37.64564606959445,6
268,11.694041065451373,36.86410298675559,6
269,11.70437223996353,36.97888977338288,6
270,11.714703414475686,37.077998974365656,6
271,11.725034588987839,36.86208543972671,6
272,11.735365763499995,37.54547322618204,6
273,11.743212690695923,38.980808188214006,6
274,11.749403453014367,37.15093637487215,6
276,11.761784977651255,37.24537627195591,6
277,11.7679757399697,37.25142199363665,6
278,11.774166502288143,37.65850448857169,6
279,11.780357264606586,37.486609488725705,6
280,11.786548026925031,27.52503010681353,6
281,11.792738789243472,34.44420431789561,6
282,11.798929551561917,36.36410035086313,6
283,11.80512031388036,37.30700731107169,6
284,11.811311076198805,36.819078625763005,6
285,11.817501838517249,37.92346111357527,6
286,11.823692600835692,39.05202150537055,6
287,11.829883363154137,37.51327576420366,6
288,11.836074125472578,38.40594705231692,6
289,11.842264887791023,37.96953224371956,6
290,11.848455650109466,37.4888052940158,6
291,11.854646412427911,37.62502672821597,6
292,11.860837174746356,37.59485523137388,6
293,11.867027937064798,37.4435119710321,6
294,11.873218699383242,37.950111905662354,6
295,11.879409461701686,36.629485308314464,6
296,11.88560022402013,39.243288369436485,6
297,11.891790986338574,38.86323820942205,6
298,11.897981748657017,30.81528838359819,6
299,11.90417251097546,35.87894079920832,6
300,11.910363273293905,36.77927823611774,6
301,11.916554035612348,37.63374759021444,6
302,11.922744797930791,36.89818639404501,6
303,11.928935560249235,36.35000308540271,6
304,11.93512632256768,38.12633818168504,6
305,11.941317084886123,38.262125025111104,6
306,11.947507847204566,36.83292369746357,6
307,11.953698609523009,37.95854191807234,6
308,11.959889371841454,38.05840010530717,6
309,11.966080134159899,37.13755821303307,6
310,11.972270896478342,37.34560381183793,6
311,11.978461658796785,37.711658919352,6
312,11.984652421115229,37.93538956954368,6
313,11.990843183433672,37.45403970177383,6
314,11.997033945752117,38.24460625028189,6
315,12.00322470807056,39.019466651193085,6
316,12.009415470389003,30.19758022540916,6
317,12.015606232707448,25.61432808068624,6
318,12.021796995025891,36.02177706800548,6
319,12.027987757344334,38.21323017839768,6
320,12.03417851966278,36.95581143204485,6
321,12.04036928198122,37.47010349009119,6
322,12.046560044299666,37.4866530362785,6
323,12.05275080661811,38.36293515030303,6
324,12.058941568936554,37.40071615971884,6
325,12.065132331254997,39.03893745625523,6
326,12.07132309357344,38.027769780434646,6
327,12.077513855891883,36.54854430423264,6
328,12.083704618210328,37.82315391754426,6
329,12.089895380528771,37.617475179336594,6
330,12.096086142847216,37.18106591596723,6
331,12.10227690516566,36.513975102012125,6
332,12.108467667484103,36.77331712578823,6
333,12.114658429802546,36.45576911183522,6
334,12.12084919212099,38.95958015745853,6
335,12.127039954439434,33.82740096717583,6
336,12.133230716757877,25.233627532585597,6
337,12.139421479076322,36.72931623581551,6
338,12.145612241394765,36.509992494162965,6
339,12.151803003713209,36.96910138741717,6
340,12.157993766031653,36.40244637737864,6
341,12.164184528350097,36.93587718848176,6
342,12.17037529066854,38.49246010424764,6
343,12.176566052986985,37.986192287676445,6
344,12.182756815305428,38.6156024514066,6
345,12.181934377767545,37.518575936185925,6
346,12.176436473658777,37.87600359576536,6
347,12.17093856955001,38.33581226002539,6
348,12.165440665441244,37.17282655346053,6
349,12.159942761332477,37.60221910912426,6
350,12.15444485722371,38.45287662756416,6
351,12.148946953114942,38.18433356903824,6
352,12.143449049006177,38.6721896705977,6
353,12.137951144897409,37.183091841147984,6
354,12.132453240788642,37.48241460091917,6
355,12.126955336679877,36.88715566826787,6
356,12.121457432571109,24.77452366432223,6
357,12.115959528462342,36.44447804470676,6
358,12.110461624353576,37.25312570073477,6
359,12.104963720244807,38.51181247725268,6
360,12.099465816136043,37.49024106224465,6
361,12.093967912027274,38.390453223373896,6
362,12.088470007918508,37.69562519330751,6
363,12.082972103809741,39.17875632392342,6
365,12.071976295592208,38.03785290090248,6
366,12.06647839148344,37.9286890993896,6
368,12.055482583265908,38.696598419945545,6
369,12.04998467915714,38.28710974071584,6
370,12.044486775048373,37.631678365837566,6
371,12.038988870939605,34.07911603207192,6
372,12.03349096683084,31.304263683813293,6
373,12.027993062722073,37.8387808277829,6
374,12.022495158613305,37.09035300445444,6
375,12.016997254504538,37.82818091846772,6
376,12.01149935039577,37.88777725054028,6
377,12.006001446287005,37.20279292753106,6
378,12.000503542178237,37.13153445121209,6
379,11.99500563806947,38.25226513358732,6
380,11.989507733960703,37.76843529081206,6
381,11.984009829851937,37.12293368797705,6
382,11.97851192574317,38.030729010878446,6
383,11.973014021634402,37.12593324026328,6
384,11.967516117525637,37.721075490922,6
385,11.962018213416869,36.737822484086735,6
386,11.956520309308102,38.34715070980302,6
387,11.951022405199335,38.54882592508699,6
388,11.945524501090569,37.909403446112165,6
389,11.940026596981802,39.02562635488353,6
392,11.9235328846555,27.06143983119676,6
393,11.918034980546734,26.991403037866096,6
394,11.912537076437967,36.57294233388205,6
395,11.907039172329199,36.76156590525302,6
396,11.901541268220434,37.08034865685348,6
397,11.896043364111666,37.35528817864202,6
398,11.8905454600029,37.56335120355215,6
399,11.885047555894133,38.19707312219517,6
400,11.879549651785366,38.75999503034412,6
401,11.8740517476766,37.820453788764375,6
402,11.868553843567831,37.8321338189493,6
403,11.863055939459064,38.32122530147656,6
404,11.857558035350298,37.30592693845404,6
405,11.852060131241531,36.93955504362504,6
406,11.846562227132765,37.3400691023431,6
407,11.841064323023998,37.048220032148606,6
408,11.835566418915231,38.0698960464622,6
410,11.824570610697696,38.390775809794505,6
411,11.81907270658893,37.61226984032309,6
413,11.808076898371397,30.73735907465357,6
415,11.797081090153862,36.87149508247314,6
416,11.791583186045095,36.55424567394377,6
417,11.79123965461537,37.55668739995308,6
419,11.797425088661317,38.12033023248311,6
420,11.800517805684288,38.63953242812964,6
421,11.803610522707261,37.66185156891942,6
422,11.806703239730235,38.36922211766794,6
423,11.809795956753206,38.35567989975699,6
424,11.812888673776179,38.90824128431045,6
425,11.81598139079915,37.6534815364758,6
426,11.819074107822123,38.058779048943336,6
427,11.822166824845095,37.33380379195587,6
428,11.825259541868068,37.63381461236111,6
430,11.831444975914012,38.97491536480169,6
431,11.834537692936985,38.06260435983045,6
432,11.837630409959957,38.60196911073373,6
433,11.84072312698293,38.59327120294146,6
434,11.843815844005901,36.07606139508911,6
435,11.846908561028876,29.01933332470199,6
436,11.850001278051847,37.77225122540494,6
437,11.853093995074818,38.67688808392224,6
438,11.856186712097792,38.96621035901318,6
439,11.859279429120765,38.53698393203708,6
440,11.862372146143736,38.29678280703059,6
441,11.865464863166707,37.67008800216044,6
442,11.86855758018968,38.53029413069028,6
443,11.871650297212653,38.58223867907047,6
444,11.874743014235627,39.26928652462079,6
446,11.88092844828157,38.94345241853763,6
447,11.884021165304542,39.3060783369577,6
450,11.893299316373458,39.2044277866342,6
451,11.896392033396431,39.02704250222627,6
452,11.899484750419404,38.71473977668968,6
453,11.902577467442375,36.06579061677455,6
455,11.90876290148832,38.2791549029406,6
456,11.911855618511293,38.69087304453914,6
457,11.914948335534264,38.90575410329457,6
458,11.918041052557236,38.21933874824728,6
460,11.924226486603182,38.33014855710236,6
461,11.927319203626155,39.0845709269384,6
462,11.930411920649126,39.06151376951075,6
463,11.9335046376721,38.13792727755556,6
465,11.939690071718044,38.9833865786691,6
466,11.942782788741017,38.41294473563838,6
467,11.945875505763988,37.88240184698513,6
471,11.958246373855879,39.27415619618313,6
472,11.96133909087885,27.0015209840918,6
473,11.964431807901821,36.52039707470964,6
474,11.967524524924794,38.74414817831735,6
475,11.970617241947767,38.81010812228813,6
